Sample-ID No_of_contigs Contig_N50_bp Total_length_Mb percent_reads_assembled Unassembled_reads_Gb
MH0001 14,301 1,618 19.69 46.34 1.06 
MH0002 65,392 1,680 88.77 45.31 1.91 
MH0003 68,658 2,640 119.59 54.40 1.72 
MH0004 23,793 1,681 31.92 41.54 1.05 
MH0005 14,339 1,684 19.62 40.22 1.04 
MH0006 144,440 2,025 217.77 52.39 5.24 
MH0007 28,108 1,270 32.00 29.15 1.16 
MH0008 26,506 1,768 37.24 43.53 0.95 
MH0009 70,014 2,440 112.96 44.14 2.45 
MH0010 25,674 1,815 36.52 48.77 0.88 
MH0011 86,201 2,158 134.25 46.09 2.37 
MH0012 140,991 2,478 237.58 42.77 7.99 
MH0013 20,495 2,332 32.20 41.22 1.05 
MH0014 66,724 2,957 120.54 50.90 2.08 
MH0015 25,933 1,645 34.46 35.53 0.94 
MH0016 64,124 2,915 114.03 53.89 1.88 
MH0017 24,948 1,679 34.06 39.57 0.96 
MH0018 13,247 1,619 17.73 35.23 1.07 
MH0019 28,786 1,977 41.95 46.76 0.91 
MH0020 44,930 4,708 98.78 56.81 1.49 
MH0021 54,101 1,608 70.67 46.49 1.06 
MH0022 21,872 1,773 30.00 35.04 1.06 
MH0023 16,214 2,100 25.57 35.80 1.07 
MH0024 43,145 1,512 54.45 33.21 2.41 
MH0025 76,287 1,968 111.48 42.24 2.11 
MH0026 33,408 3,769 69.38 43.97 1.58 
MH0027 20,369 985 19.72 19.96 1.14 
MH0028 61,004 2,630 104.54 49.65 1.80 
MH0030 39,267 2,828 66.60 36.73 2.15 
MH0031 53,292 1,878 75.84 36.41 2.33 
MH0032 37,287 1,921 54.46 20.72 2.60 
MH0033 61,782 2,616 102.04 49.87 1.69 
MH0034 24,508 2,107 37.63 14.53 2.40 
MH0035 68,287 2,075 102.94 48.22 1.93 
MH0036 58,690 2,330 94.35 49.44 1.81 
MH0037 48,356 2,526 80.44 48.21 1.63 
MH0038 50,381 2,921 90.35 47.75 1.79 
MH0039 66,509 2,087 104.17 47.66 1.68 
MH0040 73,068 2,225 115.15 49.53 1.68 
MH0041 55,146 2,531 91.83 52.02 1.60 
MH0042 60,378 2,046 90.65 34.38 2.14 
MH0043 74,846 1,987 111.11 47.58 1.96 
MH0044 49,190 3,590 96.43 50.68 1.66 
MH0045 65,434 1,898 94.43 49.18 1.89 
MH0046 50,836 2,290 81.81 43.04 1.53 
MH0047 36,612 1,374 44.15 41.16 1.19 
MH0048 48,416 1,460 60.16 37.77 1.26 
MH0049 29,468 2,514 47.75 42.90 1.31 
MH0050 71,587 2,096 109.04 49.10 1.83 
MH0051 48,208 1,690 65.49 43.82 1.10 
MH0052 53,204 1,642 70.93 41.89 1.25 
MH0053 52,816 2,396 86.76 42.96 1.85 
MH0054 59,223 2,669 102.44 54.54 1.44 
MH0055 61,507 2,511 104.18 50.22 1.76 
MH0056 71,029 1,678 95.95 32.90 2.80 
MH0057 40,554 2,691 72.17 49.88 1.62 
MH0058 75,310 2,136 116.26 46.07 2.02 
MH0059 77,573 2,176 124.22 48.44 1.59 
MH0060 63,059 1,966 92.86 47.05 1.63 
MH0061 37,149 3,619 73.17 48.68 1.75 
MH0062 59,196 2,134 90.62 40.38 1.92 
MH0063 56,634 2,049 84.50 39.93 2.07 
MH0064 54,725 2,187 85.58 32.20 2.28 
MH0065 69,122 2,083 104.22 44.04 1.87 
MH0066 56,860 2,466 92.91 42.80 1.55 
MH0067 41,271 4,494 95.51 62.76 1.24 
MH0068 45,417 3,249 83.23 49.89 1.65 
MH0069 80,769 1,908 117.50 39.35 3.17 
MH0070 72,871 2,208 112.98 46.83 1.91 
MH0071 53,046 2,810 92.40 37.73 2.16 
MH0072 52,323 1,784 74.17 36.22 2.36 
MH0073 56,858 2,125 87.06 53.49 1.65 
MH0074 44,523 3,990 95.83 56.27 1.51 
MH0075 68,045 2,089 103.76 45.96 1.91 
MH0076 57,502 1,812 80.56 47.18 1.22 
MH0077 78,357 1,744 108.27 47.23 1.97 
MH0078 22,164 1,658 30.01 25.41 1.48 
MH0079 48,717 1,622 64.50 48.42 1.06 
MH0080 76,021 2,074 116.51 54.64 1.59 
MH0081 73,686 1,930 108.94 51.34 1.75 
MH0082 73,890 2,211 115.72 49.36 1.84 
MH0083 66,302 2,337 107.84 50.17 1.79 
MH0084 32,542 2,233 50.16 19.55 3.23 
MH0085 47,522 2,935 86.29 43.61 2.09 
MH0086 88,752 2,381 148.47 53.70 1.93 
O2.UC-1 51,221 1,682 69.20 35.00 2.18 
O2.UC-11 36,782 1,670 50.37 26.39 2.13 
O2.UC-12 47,451 2,264 75.28 40.28 1.66 
O2.UC-13 54,055 2,853 95.05 48.36 1.69 
O2.UC-14 26,263 2,135 39.80 27.46 1.47 
O2.UC-16 25,434 1,561 33.39 14.31 2.72 
O2.UC-17 31,446 1,486 40.55 20.05 2.42 
O2.UC-18 36,747 3,824 74.01 39.66 1.90 
O2.UC-19 59,079 2,311 92.86 47.36 1.52 
O2.UC-20 57,728 1,836 82.85 46.40 1.54 
O2.UC-21 37,854 1,478 47.55 23.14 2.01 
O2.UC-22 66,174 1,989 100.24 45.25 1.82 
O2.UC-23 46,329 1,959 66.70 27.21 2.60 
O2.UC-24 48,257 2,350 76.25 31.12 2.16 
O2.UC-4 52,210 2,293 82.94 44.75 1.80 
V1.CD-1 30,435 2,912 54.83 33.38 2.36 
V1.CD-11 43,837 3,775 83.58 47.70 2.02 
V1.CD-12 36,815 2,283 59.20 50.33 1.51 
V1.CD-13 63,979 2,207 99.94 48.08 1.66 
V1.CD-14 76,242 2,060 116.12 48.96 1.69 
V1.CD-15 30,840 3,185 56.10 46.47 1.68 
V1.CD-2 16,741 715 12.26 2.34 3.43 
V1.CD-3 49,312 1,986 74.88 39.79 2.06 
V1.CD-4 64,855 2,172 100.99 49.31 1.63 
V1.CD-6 52,405 1,912 76.79 45.10 1.80 
V1.CD-8 76,704 2,125 116.87 44.60 2.08 
V1.CD-9 51,597 3,444 99.57 53.10 1.66 
V1.UC-10 70,208 2,290 112.96 43.16 2.00 
V1.UC-13 54,707 2,788 94.12 47.55 1.70 
V1.UC-14 60,809 2,443 99.23 49.47 1.89 
V1.UC-15 59,391 2,731 104.22 50.02 1.78 
V1.UC-17 51,062 2,180 79.04 31.53 2.35 
V1.UC-18 54,194 2,721 94.28 54.98 1.64 
V1.UC-19 65,470 2,825 113.78 50.30 1.84 
V1.UC-21 55,907 2,226 89.43 49.60 1.76 
V1.UC-6 88,651 1,766 125.25 49.50 1.64 
V1.UC-7 35,227 2,405 56.97 28.50 2.31 
V1.UC-8 76,786 2,197 121.81 52.32 1.68 
V1.UC-9 69,741 1,842 99.85 43.12 2.00 