Sample-ID Paired-end-insert-size_bp Read-length_bp no-of-reads Data_Gb human_reads_percent No_of_high_quality_reads 
MH0047 136/378 75 35,355,400 2.65 0.18 26,932,064 
MH0021 134/354 75 36,454,400 2.73 0.12 26,258,326 
MH0079 135/360 75 38,011,600 2.85 0.40 27,418,899 
MH0078 146/373 75 38,038,200 2.85 1.56 26,051,537 
MH0052 141/367 75 39,538,000 2.97 0.08 28,575,036 
MH0049 134/343 75 40,444,200 3.03 0.06 30,654,842 
MH0076 134/409 75 40,697,000 3.05 0.42 30,650,106 
MH0051 143/374 75 41,911,800 3.14 0.32 25,963,104 
MH0048 143/349 75 42,923,600 3.22 0.26 26,972,970 
O2.UC-14 141/355 75 43,343,000 3.25 0.06 26,942,750 
MH0015 235 44 44,671,400 1.97 0.04 33,014,675 
MH0018 233 44 45,081,400 1.98 2.14 36,609,695 
MH0027 238 44 45,190,000 1.99 0.09 32,377,390 
MH0017 223 44 45,557,200 2.00 0.04 36,154,362 
MH0022 256 44 46,415,000 2.04 0.21 37,112,508 
MH0023 237 44 48,598,400 2.14 0.04 37,782,998 
MH0019 249 44 49,229,400 2.17 0.06 38,856,780 
MH0026 156/398 75 49,812,000 3.74 0.05 37,484,066 
MH0013 238 44 50,257,200 2.21 1.63 40,028,120 
MH0005 237 44 50,704,800 2.23 0.23 39,407,333 
MH0007 195 44 50,719,800 2.23 0.31 36,956,284 
MH0008 219 44 51,411,000 2.26 0.10 38,156,496 
V1.UC-7 141/356 75 51,911,400 3.89 14.67 36,788,540 
MH0010 220 44 52,218,200 2.30 0.08 39,169,850 
V1.CD-12 148/361 75 53,519,400 4.01 0.02 40,609,134 
O2.UC-20 141/362 75 53,637,200 4.02 0.03 38,376,747 
V1.CD-15 143/351 75 53,938,600 4.05 2.85 40,560,446 
O2.UC-19 133/352 75 54,537,600 4.09 0.01 38,459,550 
MH0004 218 44 55,829,800 2.46 0.95 40,288,492 
MH0062 144/357 75 57,128,400 4.28 14.32 36,809,224 
MH0066 147/429 75 57,234,200 4.29 0.05 36,114,997 
O2.UC-21 142/362 75 57,856,000 4.34 0.03 34,832,308 
V1.CD-13 139/352 75 58,145,800 4.36 0.04 42,560,831 
MH0080 140/376 75 58,220,800 4.37 0.13 46,590,749 
V1.UC-13 131/352 75 58,381,400 4.38 9.77 38,553,580 
MH0032 142/370 75 58,822,400 3.93 0.39 50,110,067 
O2.UC-12 153/384 75 58,927,800 4.42 0.12 36,908,526 
MH0001 214 44 59,239,200 2.61 0.06 45,016,612 
V1.UC-6 142/376 75 59,270,800 4.45 0.41 43,150,856 
MH0060 142/367 75 60,156,000 4.51 0.07 41,112,227 
MH0053 137/416 75 60,788,600 4.56 0.07 43,283,564 
MH0002 139/370 75 61,077,000 4.58 0.15 46,570,095 
O2.UC-11 142/377 75 61,253,800 4.59 0.14 38,507,042 
MH0059 136/370 75 61,574,600 4.62 0.18 41,025,606 
V1.UC-8 131/346 75 61,781,000 4.63 0.54 46,669,762 
O2.UC-1 142/363 75 61,879,000 4.64 5.78 42,189,776 
MH0054 137/401 75 62,086,000 4.66 0.15 42,262,748 
MH0030 142/354 75 62,148,800 4.18 0.57 51,622,803 
MH0046 140/372 75 62,539,800 4.69 0.06 35,798,104 
MH0040 136/373 75 62,661,200 4.70 0.05 44,249,732 
V1.UC-9 132/362 75 62,758,600 4.71 0.06 46,906,812 
MH0025 146/356 75 62,948,000 4.22 0.06 55,604,591 
V1.UC-10 141/356 75 63,137,000 4.74 9.54 41,725,594 
O2.UC-22 140/363 75 63,220,000 4.74 0.04 44,245,030 
V1.CD-14 143/356 75 63,574,000 4.77 0.06 44,023,096 
O2.UC-17 135/350 75 63,583,000 4.77 0.02 40,304,612 
MH0028 138/368 75 63,652,000 4.25 0.04 55,152,519 
MH0057 140/379 75 64,021,000 4.80 0.09 43,050,028 
MH0024 124/353 75 64,097,000 4.30 0.10 54,915,985 
V1.CD-9 137/348 75 64,146,600 4.81 0.05 47,137,595 
MH0041 141/364 75 64,246,800 4.82 0.44 44,382,480 
MH0037 145/377 75 64,247,400 4.82 0.05 42,034,099 
O2.UC-24 142/372 75 64,629,200 4.85 0.25 41,658,584 
O2.UC-16 134/352 75 64,811,000 4.86 0.01 42,268,974 
O2.UC-23 141/363 75 64,898,800 4.87 21.33 36,784,558 
MH0055 137/412 75 65,444,600 4.91 0.09 47,112,307 
V1.UC-21 150/372 75 65,652,400 4.92 0.41 46,336,135 
MH0071 137/388 75 65,684,000 4.93 0.23 46,242,273 
MH0050 141/339 75 65,725,200 4.93 0.05 47,792,033 
MH0020 148/375 75 66,964,400 5.02 0.61 45,813,646 
MH0081 128/365 75 66,988,600 5.02 0.04 47,851,897 
V1.UC-18 146/374 75 67,064,200 5.03 0.14 48,379,265 
MH0085 136/379 75 67,083,400 5.03 0.08 49,434,491 
O2.UC-18 138/360 75 67,094,400 5.03 0.08 41,907,663 
MH0044 139/383 75 67,124,400 5.03 0.05 44,864,080 
MH0074 142/394 75 67,143,600 5.04 0.03 46,030,505 
MH0068 145/366 75 67,160,800 5.04 0.09 43,867,534 
MH0031 136/381 75 67,460,600 4.54 0.72 55,540,263 
MH0045 130/380 75 67,520,800 5.06 0.13 49,434,301 
V1.CD-3 144/374 75 67,524,800 5.06 0.38 45,352,742 
MH0033 148/377 75 67,543,400 5.07 0.05 44,996,133 
MH0064 142/375 75 67,747,800 5.08 0.13 44,732,297 
MH0083 133/378 75 68,074,800 5.11 0.03 47,903,806 
MH0082 134/359 75 68,130,400 5.11 0.19 48,347,954 
V1.UC-15 139/367 75 68,192,000 5.11 1.95 46,595,929 
MH0058 145/369 75 68,286,800 5.12 0.13 49,822,998 
V1.UC-19 141/354 75 68,295,000 5.12 0.12 49,233,576 
O2.UC-13 143/364 75 68,563,400 5.14 0.08 43,619,828 
V1.UC-14 142/363 75 68,566,800 5.14 0.68 49,611,323 
V1.CD-8 145/356 75 68,642,000 5.15 0.11 49,908,306 
MH0067 135/369 75 68,699,200 5.15 0.02 44,484,637 
O2.UC-4 140/361 75 68,735,200 5.16 0.15 43,263,975 
MH0065 144/420 75 68,945,200 5.17 0.14 44,579,795 
MH0056 135/368 75 68,969,600 5.17 0.78 49,219,471 
MH0003 143/357 75 69,136,400 5.19 0.07 50,384,869 
MH0075 136/382 75 69,195,400 5.19 0.03 47,065,103 
MH0061 134/362 75 69,261,600 5.19 2.08 44,515,482 
V1.CD-6 136/358 75 69,437,200 5.21 2.65 42,483,316 
V1.CD-1 143/366 75 69,669,800 5.23 0.11 47,131,739 
MH0070 137/363 75 69,670,400 5.23 0.17 47,921,594 
V1.CD-4 142/375 75 70,111,400 5.26 0.04 42,939,132 
V1.CD-2 142/374 75 70,150,600 5.26 0.36 46,703,072 
MH0063 141/371 75 70,215,000 5.27 0.08 45,961,029 
MH0077 135/377 75 70,381,000 5.28 0.27 49,660,515 
MH0039 144/370 75 70,466,000 5.28 0.04 42,717,184 
MH0073 139/373 75 71,179,400 5.34 0.15 47,234,201 
MH0036 142/368 75 71,764,000 5.38 0.14 47,706,635 
V1.UC-17 138/356 75 72,222,200 5.42 26.13 34,437,937 
MH0035 138/355 75 72,306,000 5.42 0.80 49,289,239 
MH0042 141/416 75 72,568,200 5.44 0.36 43,424,052 
MH0038 144/372 75 74,210,800 5.57 0.25 45,475,391 
MH0043 143/366 75 74,479,600 5.59 0.82 49,362,253 
MH0084 140/365 75 75,047,200 5.63 0.07 53,565,815 
V1.CD-11 138/348 75 75,344,800 5.65 0.02 51,389,665 
MH0016 131/374 75 76,178,600 5.71 0.08 54,396,021 
MH0014 141/390 75 77,468,200 5.81 0.21 56,304,766 
MH0086 146/432 75 78,495,800 5.89 0.04 55,433,667 
MH0011 146/368 75 79,208,000 5.94 0.27 58,503,358 
MH0009 146/373 75 80,011,000 6.00 0.14 58,452,504 
MH0072 147/435 75 89,101,800 6.68 0.19 49,286,672 
MH0034 147/373 75 94,636,800 7.10 0.01 37,400,897 
MH0069 152/430 75 97,568,600 7.32 0.06 69,722,220 
MH0006 233 44/75 188,437,600 12.60 0.39 161,184,217 
MH0012 134/378 75 221,338,200 16.60 0.05 186,062,388 